[INFO]:该坐标系为全局坐标系
E,NU,G中已知数个数最小为2
global_k:
 2.08601e-312             0             0 -2.08601e-312             0             0
            0             0             0             0             0             0
            0             0             0             0             0             0
-2.08601e-312             0             0  2.08601e-312             0             0
            0             0             0             0             0             0
            0             0             0             0             0             0
[INFO]:该坐标系为全局坐标系
global_load: 
 0
 0
10
_vector_f: 
 0
 0
 0
 0
 0
 0
 0
 0
10
 0
 0
 0
_matrix_k:
 2.08601e-312             0             0 -2.08601e-312             0             0             0             0             0             0             0             0
            0             0             0             0             0             0             0             0             0             0             0             0
            0             0             0             0             0             0             0             0             0             0             0             0
-2.08601e-312             0             0  2.08601e-312             0             0             0             0             0             0             0             0
            0             0             0             0             0             0             0             0             0             0             0             0
            0             0             0             0             0             0             0             0             0             0             0             0
            0             0             0             0             0             0             1             0             0             0             0             0
            0             0             0             0             0             0             0             1             0             0             0             0
            0             0             0             0             0             0             0             0             1             0             0             0
            0             0             0             0             0             0             0             0             0             1             0             0
            0             0             0             0             0             0             0             0             0             0             1             0
            0             0             0             0             0             0             0             0             0             0             0             1
_vector_f:
0
0
0
0
0
0
0
0
0
0
0
0
K:
1 0 0 0 0 0
0 1 0 0 0 0
0 0 1 0 0 0
0 0 0 1 0 0
0 0 0 0 1 0
0 0 0 0 0 1
inverse K:
1 0 0 0 0 0
0 1 0 0 0 0
0 0 1 0 0 0
0 0 0 1 0 0
0 0 0 0 1 0
0 0 0 0 0 1
f:
0
0
0
0
0
0
节点位移:
0
0
0
0
0
0
